Input:
14.793,14.813,14.96,14.911,14.695,14.557,15.383,14.842,14.881,14.646,14.616,14.754,14.793,14.823,14.901,14.842,14.911,14.744,14.754,14.852,14.685,14.911,14.734,14.646,14.695,14.626,14.615,14.724,14.646,14.41,14.44,14.528,14.714,14.744,14.665,14.685,14.449,14.164,14.184,14.164,14.066,14.007,13.958,14.095,14.252,14.38,14.4,14.302,14.223

It's part of Glb X Guru Act Indx, NASDAQ: ACTX, historical close price from Apr 30th, 2015 to July 22nd, 2015

Output:

Distance: 0.13148483 (average)
Stock Name: Limbach Hldgs Rg, NASDAQ: LMB

Limbach Hldgs Rg, NASDAQ: LMB, Dec 7th, 2016 to Mar 14th, 2017
14.29,14.11,13.7216,14.79,14.21,13.5,13.41,13.52,13.79,14.14,14.025,14.01,14.08,14.1,13.95,14.3445,14,14.25,13.89,13.7125,14.14,14.46,14.396,14.49,14.36,13.71,13.9,13.934,13.99,14.16,14.11,14.18,13.87,14.04,13.6,13.975,14.04,13.86,14.02,14.07,13.78,13.98,14.1262,14.12,13.9985,14.0001,14.1,14.14,14.06,14.21,14.03,13.71,13.881,14.05,13.98,13.99,13.99,14.12

